{
 "cells": [
  {
   "cell_type": "code",
   "execution_count": 1,
   "metadata": {},
   "outputs": [
    {
     "name": "stderr",
     "output_type": "stream",
     "text": [
      "/opt/anaconda3/envs/niwrap3912/lib/python3.11/site-packages/pyvista/plotting/utilities/xvfb.py:48: PyVistaDeprecationWarning: This function is deprecated and will be removed in future version of PyVista. Use vtk-osmesa instead.\n",
      "  warnings.warn(\n",
      "pixdim[1,2,3] should be non-zero; setting 0 dims to 1\n"
     ]
    },
    {
     "name": "stdout",
     "output_type": "stream",
     "text": [
      "100\n"
     ]
    }
   ],
   "source": [
    "#This is for analyzing layer data \n",
    "\n",
    "import nibabel as nib\n",
    "import numpy as np\n",
    "import matplotlib.pyplot as plt\n",
    "import os\n",
    "import yaspy\n",
    "import scipy\n",
    "import pyvista as pv\n",
    "from brainspace.gradient import GradientMaps\n",
    "from brainspace.utils.parcellation import map_to_labels\n",
    "import brainspace.gradient.alignment as ga\n",
    "\n",
    "pv.start_xvfb()\n",
    "\n",
    "radii = [6]  # 0 means raw data\n",
    "normalize_data = False #normalize at raw data level \n",
    "\n",
    "\n",
    "#schaefer\n",
    "atlas_path = '/Users/dennis.jungchildmind.org/Downloads/Schaefer2018_100Parcels_17Networks_order.dlabel.nii'\n",
    "atlas = nib.load(atlas_path).get_fdata()[0].astype(int)\n",
    "num_parcels = int(atlas_path.split('_')[1].split('Parcels')[0])  # Extract number of parcels from atlas path\n",
    "print(num_parcels)\n",
    "\n",
    "\n",
    "\n",
    "#glasser\n",
    "'''\n",
    "atlas_path_R = '/Users/dennis.jungchildmind.org/Downloads/Glasser_2016.32k.R.label.gii'\n",
    "atlas_R = nib.load(atlas_path_R).darrays[0].data\n",
    "atlas_path_L = '/Users/dennis.jungchildmind.org/Downloads/Glasser_2016.32k.L.label.gii'\n",
    "atlas_L = nib.load(atlas_path_L).darrays[0].data\n",
    "atlas = np.concatenate([atlas_L, atlas_R])\n",
    "'''\n",
    "\n",
    "#Desikan\n",
    "'''\n",
    "atlas_path_R = '/Users/dennis.jungchildmind.org/Downloads/Desikan.32k.R.label.gii'\n",
    "atlas_R = nib.load(atlas_path_R).darrays[0].data\n",
    "atlas_path_L = '/Users/dennis.jungchildmind.org/Downloads/Desikan.32k.L.label.gii'\n",
    "atlas_L = nib.load(atlas_path_L).darrays[0].data\n",
    "atlas = np.concatenate([atlas_L, atlas_R])\n",
    "'''\n",
    "\n",
    "\n",
    "#I think I should use something with less parcellation\n",
    "#atlas_path = '/Users/dennis.jungchildmind.org/Downloads/Glasser_2016.32k.R.label.gii'\n",
    "#In each subject folder (N = 17), there are preprocessed databy Zixuan\n",
    "# Per his description, I can use the 32k_fs_LR files (if higher resolution is needed use 164k_fs_LR files)\n",
    "# order of the \"boundary\" between the layers is the \"pial\", 'inf (according to the paper, boundary between layer 1-3 (supragranular layer) and layer 4-6, says infragranular though the layer 4 is not infragranular technically)\", and \"white (for white matter)\"\n",
    "# for each subject, there is either left or right hemisphere, or both hemispheres\n",
    "layers = ['pial','inf','white']\n",
    "\n",
    "baseDir = '/Users/dennis.jungchildmind.org/Downloads/exvivo/'\n",
    "\n",
    "#for hcp\n",
    "#baseDir = '/Users/dennis.jungchildmind.org/OneDrive - Child Mind Institute/hcp1200/HCP1200/'\n",
    "# Get all subdirectories in baseDir\n",
    "\n",
    "subject_dirs = [d for d in os.listdir(baseDir) if os.path.isdir(os.path.join(baseDir, d))]\n",
    "\n",
    "# Dictionary to store data for each subject\n",
    "subject_data = {}\n"
   ]
  },
  {
   "cell_type": "code",
   "execution_count": 2,
   "metadata": {},
   "outputs": [],
   "source": [
    "from sklearn.covariance import LedoitWolf, OAS, GraphicalLasso\n",
    "\n",
    " \n",
    "def improved_partial_correlation_with_shrinkage(x):\n",
    "    \"\"\"\n",
    "    Partial correlation with Ledoit-Wolf shrinkage applied consistently\n",
    "    x: (n_features, n_samples) \n",
    "    Returns: (n_features, n_features) partial correlation matrix\n",
    "    \"\"\"\n",
    "  \n",
    "    n_features, n_samples = x.shape\n",
    "    \n",
    "    # Step 1: Handle NaN values\n",
    "    x_clean = x.copy()\n",
    "    for i in range(n_features):\n",
    "        mask = np.isnan(x_clean[i, :])\n",
    "        if mask.any():\n",
    "            x_clean[i, mask] = np.nanmean(x_clean[i, :])\n",
    "    \n",
    "    # Step 2: Calculate mean across features for each sample\n",
    "    x_mean = np.mean(x_clean, axis=0)  # Shape: (n_samples,)\n",
    "    \n",
    "    # Step 3: Create augmented data matrix\n",
    "    # Transpose for sklearn: samples x features\n",
    "    augmented_data = np.column_stack([x_clean.T, x_mean])  # Shape: (n_samples, n_features+1)\n",
    "    \n",
    "    # Step 4: Apply Ledoit-Wolf shrinkage\n",
    "    lw = LedoitWolf()\n",
    "    shrunk_cov = lw.fit(augmented_data).covariance_  # Shape: (n_features+1, n_features+1)\n",
    "    #oa = OAS()\n",
    "    #shrunk_cov = oa.fit(augmented_data).covariance_  # Shape: (n_features+1, n_features+1)\n",
    "    # Convert to correlation matrix\n",
    "    def cov_to_corr(cov):\n",
    "        std = np.sqrt(np.diag(cov))\n",
    "        return cov / np.outer(std, std)\n",
    "    \n",
    "    shrunk_corr = cov_to_corr(shrunk_cov)  # Shape: (n_features+1, n_features+1)\n",
    "    \n",
    "    # Step 5: Extract components for partial correlation\n",
    "    r_ij = shrunk_corr[:n_features, :n_features]  # Shape: (n_features, n_features)\n",
    "    r_ic = shrunk_corr[:n_features, -1]           # Shape: (n_features,)\n",
    "    \n",
    "    # Step 6: Calculate partial correlations\n",
    "    r_icjc = np.outer(r_ic, r_ic)  # Shape: (n_features, n_features)\n",
    "    denominator = np.sqrt(np.outer((1 - r_ic**2), (1 - r_ic**2)))  # Shape: (n_features, n_features)\n",
    "    \n",
    "    # Avoid division by zero\n",
    "    denominator[denominator < np.finfo(float).eps] = np.finfo(float).eps\n",
    "    \n",
    "    partial_corr = (r_ij - r_icjc) / denominator  # Shape: (n_features, n_features)\n",
    "    \n",
    "    # Step 7: Clean up the matrix\n",
    "    np.fill_diagonal(partial_corr, 0)\n",
    "    partial_corr[np.isnan(partial_corr) | np.isinf(partial_corr)] = 0\n",
    "    partial_corr = np.clip(partial_corr, -1, 1)\n",
    "    \n",
    "    return partial_corr  # Shape: (n_features, n_features) \n",
    "\n",
    "def calculate_partial_correlations(x):\n",
    "    \"\"\"\n",
    "    Calculate partial correlations between regions while controlling for mean thickness.\n",
    "    \n",
    "    Parameters:\n",
    "    -----------\n",
    "    x : numpy.ndarray\n",
    "        Input data matrix with shape (n_regions, n_samples)\n",
    "        \n",
    "    Returns:\n",
    "    --------\n",
    "    partial_corr : numpy.ndarray\n",
    "        Matrix of partial correlations between regions\n",
    "    \"\"\"\n",
    "    # First get pairwise correlations between regions\n",
    "    \n",
    "    r_ij = np.corrcoef(x)\n",
    "    # Calculate mean thickness across regions\n",
    "    x_mean = np.nanmean(x, axis=0)\n",
    "    # Get correlations between each region and the mean\n",
    "    r_ic = np.corrcoef(x, x_mean[np.newaxis,:])[-1,:-1]\n",
    "    \n",
    "    # Calculate partial correlations controlling for mean\n",
    "    # Formula: (r_ij - r_i,m * r_j,m) / sqrt((1-r_i,m^2)(1-r_j,m^2))\n",
    "    # where r_i,m is correlation of region i with mean\n",
    "    r_icjc = np.outer(r_ic, r_ic)\n",
    "    partial_corr = (r_ij - r_icjc) / np.sqrt(np.outer((1-r_ic**2), (1-r_ic**2)))\n",
    "\n",
    "\n",
    "    # zero out correlations of 1 (to avoid division by 0)\n",
    "    partial_corr[np.isclose(partial_corr, 1)] = 0\n",
    "    # Fisher z-transform the correlations\n",
    "    #partial_corr = 0.5 * np.log((1 + partial_corr) / (1 - partial_corr))\n",
    "\n",
    "    # Clean up any invalid values\n",
    "    partial_corr[np.isnan(partial_corr) | np.isinf(partial_corr)] = 0\n",
    "    \n",
    "    return partial_corr\n",
    "\n",
    "\n",
    "def calculate_correlation_matrix(data, transpose, partial_corr, shrink_it, first_index):\n",
    "    \"\"\"Calculate correlation matrix based on given parameters.\"\"\"\n",
    "    if transpose:\n",
    "        data = data[first_index:].T\n",
    "    else:\n",
    "        data = data[first_index:]\n",
    "        \n",
    "    if partial_corr:\n",
    "        corr = calculate_partial_correlations(data)\n",
    "        if shrink_it:\n",
    "            print('shrinkage')\n",
    "            corr = improved_partial_correlation_with_shrinkage(data)\n",
    "    else:\n",
    "        corr = np.corrcoef(data)\n",
    "        \n",
    "    return corr\n",
    "\n",
    "def plot_correlation_matrix(corr, transpose, title, radius):\n",
    "    \"\"\"Plot correlation matrix with consistent formatting.\"\"\"\n",
    "    # Remove diagonal values\n",
    "    corr_plot = corr.copy()\n",
    "    corr_plot[np.eye(corr_plot.shape[0], dtype=bool)] = np.nan\n",
    "    \n",
    "    # Plot matrix\n",
    "    if transpose:\n",
    "        im = plt.imshow(corr_plot, cmap='jet', vmin=0, vmax=1)\n",
    "    else:\n",
    "        im = plt.imshow(corr_plot, cmap='bwr')\n",
    "        \n",
    "    plt.colorbar(im, fraction=0.046, pad=0.04)\n",
    "    plt.title(f'{title}\\nRadius {radius}mm')\n",
    "    plt.xlabel('Subject')\n",
    "    plt.ylabel('Subject')\n",
    "    \n",
    "    return corr\n",
    "\n",
    "def plot_subject_similarity(hemisphere_data, radii, transpose=False, partial_corr=False, shrink_it=False):\n",
    "    \"\"\"\n",
    "    Plot similarity matrices between subjects for different thickness measures and radii.\n",
    "    \n",
    "    Args:\n",
    "        hemisphere_data (dict): Dictionary containing thickness data for one hemisphere\n",
    "        radii (list): List of radius values used for smoothing\n",
    "        transpose (bool): Whether to transpose the data matrices\n",
    "        partial_corr (bool): Whether to calculate partial correlations\n",
    "        shrink_it (bool): Whether to apply shrinkage to correlation calculation\n",
    "    \"\"\"\n",
    "    # Initialize correlation dictionaries\n",
    "    correlation_dicts = {\n",
    "        'total': {},\n",
    "        'infra': {},\n",
    "        'supra': {},\n",
    "        'relative': {},\n",
    "        'ratio': {}\n",
    "    }\n",
    "\n",
    "    first_index = 1\n",
    "    plt.figure(figsize=(len(correlation_dicts)*4,len(radii)*4))\n",
    "\n",
    "    # Plot matrices for each radius\n",
    "    for i, radius in enumerate(radii):\n",
    "        # Define measures and their plot positions \n",
    "        measures = [\n",
    "            ('total', 'Total Thickness', i+1),\n",
    "            ('infra', 'WM to Inf Thickness', i+1+1),\n",
    "            ('supra', 'Inf to Pial Thickness', i+1+2),\n",
    "            ('relative', 'Relative Thickness', i+1+3),\n",
    "            ('ratio', 'ratio Thickness', i+1+4)\n",
    "        ]\n",
    "        \n",
    "        # Plot each measure\n",
    "        for measure, title, plot_pos in measures:\n",
    "            print(len(radii), len(measures), plot_pos)\n",
    "            plt.subplot(len(radii), len(measures), plot_pos)\n",
    "            \n",
    "            # Calculate correlation matrix\n",
    "            corr = calculate_correlation_matrix(\n",
    "                hemisphere_data[measure][i],\n",
    "                transpose,\n",
    "                partial_corr,\n",
    "                shrink_it,\n",
    "                first_index\n",
    "            )\n",
    "            \n",
    "            # Store and plot correlation matrix\n",
    "            correlation_dicts[measure][i] = plot_correlation_matrix(\n",
    "                corr,\n",
    "                transpose,\n",
    "                title,\n",
    "                radius\n",
    "            )\n",
    "\n",
    "    plt.tight_layout()\n",
    "    \n",
    "    return tuple(correlation_dicts[k] for k in ['total', 'infra', 'supra', 'relative', 'ratio'])\n",
    "\n",
    "\n",
    "\n",
    "def parcellate_data(matrix, atlas, hemisphere):\n",
    "    \"\"\"Parcellate cortical layer data using a given atlas.\"\"\"\n",
    "    # Load atlas\n",
    "    parcelIndices = atlas\n",
    "    max_parcel_ind = int(np.max(parcelIndices))\n",
    "    \n",
    "   \n",
    "    if max_parcel_ind == 100 or max_parcel_ind == 200 or max_parcel_ind == 400 or max_parcel_ind == 1000:\n",
    "        #if Schaefer parcellation\n",
    "        m = int(max_parcel_ind/2)+1\n",
    "    elif max_parcel_ind == 180:\n",
    "        #if Glasser parcellation\n",
    "        m = 180 + 1\n",
    "    elif max_parcel_ind == 35:\n",
    "        #if Desikan parcellation\n",
    "        m = 35 + 1\n",
    "    else: \n",
    "        raise ValueError(f\"Unsupported parcellation with {max_parcel_ind} parcels\")\n",
    "        \n",
    "    # Split indices by hemisphere\n",
    "    if hemisphere == 'lh':\n",
    "        parcelIndices = parcelIndices[0:32492]\n",
    "    elif hemisphere == 'rh':\n",
    "        parcelIndices = parcelIndices[32492:]\n",
    "    \n",
    "    # Initialize output array\n",
    "    parcellated = []\n",
    "    \n",
    "    # Parcellate data for each subject\n",
    "    for subject_idx in range(matrix.shape[0]):\n",
    "        \n",
    "        #m = int(max_parcel_ind/2)+1\n",
    "        #m = 180+1 #for glasser or deikan (35)\n",
    "       # m = 35+1;#desikan\n",
    "        # Initialize array for this hemisphere's parcels\n",
    "        subject_data = np.zeros(m)\n",
    "        \n",
    "        # Get subject's data\n",
    "        data = matrix[subject_idx]\n",
    "        \n",
    "        # Set parcel range based on hemisphere\n",
    "        if hemisphere == 'lh':\n",
    "            parcel_range = range(0, m)\n",
    "            print(parcel_range)\n",
    "        elif hemisphere == 'rh':\n",
    "            parcel_range = list(range(m, max_parcel_ind+1))\n",
    "            parcel_range.insert(0, 0)\n",
    "            print(parcel_range)\n",
    "\n",
    "            if max_parcel_ind == 180 or max_parcel_ind == 35:\n",
    "                parcel_range = range(1,m) #for glasser or deikan\n",
    "            \n",
    "            \n",
    "        # Calculate mean for each parcel\n",
    "        for k in parcel_range:\n",
    "            mask = parcelIndices == k\n",
    "            if np.sum(mask) > 0:\n",
    "                \n",
    "                if max_parcel_ind == 180 or max_parcel_ind == 35:\n",
    "                    parcel_idx = k #parcel_idx = k  #for glasser or deikan\n",
    "                else:\n",
    "                    parcel_idx = k if hemisphere == 'lh' else k-m+1\n",
    "                \n",
    "                #instead of trimmed mean, calculates mean and standard deviation and remove anything above 2 standard deviations\n",
    "                mean = np.mean(data[mask][~np.isnan(data[mask])])\n",
    "                std = np.std(data[mask][~np.isnan(data[mask])])\n",
    "                subject_data[parcel_idx] = np.mean(data[mask][data[mask] < mean + 1.5*std])\n",
    "                \n",
    "                # This uses trimmed mean with 10% trim on both ends\n",
    "                # Science advances paper, \"structural covariance, Parcellation Approach in Methods\"\n",
    "                #subject_data[parcel_idx] = scipy.stats.trim_mean(data[mask][~np.isnan(data[mask])], proportiontocut=0.1)\n",
    "                \n",
    "                \n",
    "        # Append subject's parcellated data\n",
    "        parcellated.append(subject_data)\n",
    "            \n",
    "    # Convert list to numpy array\n",
    "    return np.vstack(parcellated)\n"
   ]
  },
  {
   "cell_type": "code",
   "execution_count": 3,
   "metadata": {},
   "outputs": [
    {
     "name": "stdout",
     "output_type": "stream",
     "text": [
      "I57_new_confidence\n",
      "0\n",
      "I58_new_confidence\n",
      "0\n",
      "I45_new_confidence\n",
      "0\n",
      "I59_new_confidence\n",
      "0\n",
      "I56_new_confidence\n",
      "0\n",
      "I41_new_confidence\n",
      "0\n",
      "I54_new_confidence\n",
      "0\n",
      "I38_new_confidence\n",
      "0\n",
      "I53_new_confidence\n",
      "0\n",
      "I46_new_confidence\n",
      "0\n",
      "EXC022_new_confidence\n",
      "0\n",
      "I52_new_confidence\n",
      "0\n",
      "I48_new_confidence\n",
      "0\n",
      "I55_new_confidence\n",
      "0\n",
      "I61_new_confidence\n",
      "0\n",
      "KC001_new_confidence\n",
      "0\n",
      "I60_new_confidence\n",
      "0\n"
     ]
    },
    {
     "name": "stderr",
     "output_type": "stream",
     "text": [
      "/var/folders/71/4g31r9017kq32wt_mx1khjdm0000gn/T/ipykernel_4772/2559182410.py:28: RuntimeWarning: divide by zero encountered in divide\n",
      "  thickness_data['relative'] = thickness_data['supra'] / thickness_data['infra']\n",
      "/var/folders/71/4g31r9017kq32wt_mx1khjdm0000gn/T/ipykernel_4772/2559182410.py:28: RuntimeWarning: invalid value encountered in divide\n",
      "  thickness_data['relative'] = thickness_data['supra'] / thickness_data['infra']\n",
      "/var/folders/71/4g31r9017kq32wt_mx1khjdm0000gn/T/ipykernel_4772/2559182410.py:34: RuntimeWarning: invalid value encountered in divide\n",
      "  thickness_data['ratio'] = thickness_data['supra'] / thickness_data['total']\n"
     ]
    }
   ],
   "source": [
    "\n",
    "data_types = ['infra', 'supra', 'relative', 'ratio', 'total']\n",
    "hemispheres = {'lh': 'left', 'rh': 'right'}\n",
    "\n",
    "\n",
    "# Initialize dictionaries\n",
    "data = {hemi: {dtype: [[] for _ in radii] for dtype in data_types} for hemi in hemispheres}\n",
    "\n",
    "for subjectDir in subject_dirs:\n",
    "    print(subjectDir)\n",
    "    \n",
    "    for i, radius in enumerate(radii):\n",
    "        print(i)\n",
    "        \n",
    "        for hemi in hemispheres:\n",
    "            if os.path.exists(f'{baseDir}{subjectDir}/{hemi}.pial.32k_fs_LR.surf.gii'):\n",
    "                # Load thickness data\n",
    "                if radius == 0:\n",
    "                    # For raw data, use original thickness\n",
    "                    suffix = '32k_fs_LR'\n",
    "                else:\n",
    "                    suffix = f'32k_{radius}mm_fwhm_fs_LR'\n",
    "                \n",
    "                thickness_data = {\n",
    "                    'infra': nib.load(f'{baseDir}{subjectDir}/{hemi}.thickness.wm.inf.{suffix}.shape.gii').darrays[0].data,\n",
    "                    'supra': nib.load(f'{baseDir}{subjectDir}/{hemi}.thickness.inf.pial.{suffix}.shape.gii').darrays[0].data,\n",
    "                    'total': nib.load(f'{baseDir}{subjectDir}/{hemi}.thickness.{suffix}.shape.gii').darrays[0].data\n",
    "                }\n",
    "                thickness_data['relative'] = thickness_data['supra'] / thickness_data['infra']\n",
    "                #set thickness_data['relative'] to 0 if it is nan\n",
    "                thickness_data['relative'][np.isnan(thickness_data['relative'])] = 0\n",
    "                thickness_data['relative'][np.isinf(thickness_data['relative'])] = 0\n",
    "\n",
    "                #for ratio (which is total infragranular layer over total thickness)\n",
    "                thickness_data['ratio'] = thickness_data['supra'] / thickness_data['total']\n",
    "                thickness_data['ratio'][np.isnan(thickness_data['ratio'])] = 0\n",
    "                thickness_data['ratio'][np.isinf(thickness_data['ratio'])] = 0\n",
    "\n",
    "                if normalize_data:\n",
    "                    #calculate relative thickness first before calculating other stuff\n",
    "                    nonzero_relative = thickness_data['relative'][thickness_data['relative'] != 0]\n",
    "                    thickness_data['relative'] = (thickness_data['relative'] - np.mean(nonzero_relative)) / np.std(nonzero_relative)\n",
    "                    #ratio\n",
    "                    nonzero_ratio = thickness_data['ratio'][thickness_data['ratio'] != 0]\n",
    "                    thickness_data['ratio'] = (thickness_data['ratio'] - np.mean(nonzero_ratio)) / np.std(nonzero_ratio)\n",
    "                    #then calculate infra, supra, and total\n",
    "                    nonzero_infra = thickness_data['infra'][thickness_data['infra'] != 0]\n",
    "                    thickness_data['infra'] = (thickness_data['infra'] - np.mean(nonzero_infra)) / np.std(nonzero_infra)\n",
    "                    nonzero_supra = thickness_data['supra'][thickness_data['supra'] != 0]\n",
    "                    thickness_data['supra'] = (thickness_data['supra'] - np.mean(nonzero_supra)) / np.std(nonzero_supra)\n",
    "                    nonzero_total = thickness_data['total'][thickness_data['total'] != 0]\n",
    "                    thickness_data['total'] = (thickness_data['total'] - np.mean(nonzero_total)) / np.std(nonzero_total)\n",
    "                \n",
    "                # Process each data type\n",
    "                for dtype in data_types:\n",
    "                    reshaped_data = thickness_data[dtype].reshape(-1, 1)\n",
    "                    if len(data[hemi][dtype][i]) == 0:\n",
    "                        data[hemi][dtype][i] = reshaped_data\n",
    "                    else:\n",
    "                        data[hemi][dtype][i] = np.concatenate((data[hemi][dtype][i], reshaped_data), axis=1)\n",
    "                \n",
    "                # Clean up relative thickness data\n",
    "                data[hemi]['relative'][i][np.isnan(data[hemi]['relative'][i])] = 0\n",
    "                data[hemi]['relative'][i][np.isinf(data[hemi]['relative'][i])] = 0\n",
    "\n",
    "# Rename variables to match rest of code\n",
    "lh_data = data['lh']\n",
    "rh_data = data['rh']"
   ]
  },
  {
   "cell_type": "code",
   "execution_count": 4,
   "metadata": {},
   "outputs": [
    {
     "name": "stdout",
     "output_type": "stream",
     "text": [
      "1 5 1\n",
      "1 5 2\n",
      "1 5 3\n",
      "1 5 4\n",
      "1 5 5\n",
      "1 5 1\n",
      "1 5 2\n",
      "1 5 3\n",
      "1 5 4\n",
      "1 5 5\n"
     ]
    },
    {
     "data": {
      "text/plain": [
       "({0: array([[1.        , 0.84778101, 0.88935316, 0.87530164, 0.89977193,\n",
       "          0.84957729, 0.89471797],\n",
       "         [0.84778101, 1.        , 0.8282607 , 0.84197901, 0.858416  ,\n",
       "          0.84260291, 0.86115167],\n",
       "         [0.88935316, 0.8282607 , 1.        , 0.85555731, 0.88897928,\n",
       "          0.81823231, 0.88749256],\n",
       "         [0.87530164, 0.84197901, 0.85555731, 1.        , 0.89065611,\n",
       "          0.82433065, 0.87821493],\n",
       "         [0.89977193, 0.858416  , 0.88897928, 0.89065611, 1.        ,\n",
       "          0.85181934, 0.90762922],\n",
       "         [0.84957729, 0.84260291, 0.81823231, 0.82433065, 0.85181934,\n",
       "          1.        , 0.84988685],\n",
       "         [0.89471797, 0.86115167, 0.88749256, 0.87821493, 0.90762922,\n",
       "          0.84988685, 1.        ]])},\n",
       " {0: array([[1.        , 0.80233004, 0.84462074, 0.83530943, 0.85361712,\n",
       "          0.76725023, 0.83051039],\n",
       "         [0.80233004, 1.        , 0.78425003, 0.823953  , 0.81365542,\n",
       "          0.77476798, 0.80002194],\n",
       "         [0.84462074, 0.78425003, 1.        , 0.81236693, 0.84496253,\n",
       "          0.73815179, 0.82459199],\n",
       "         [0.83530943, 0.823953  , 0.81236693, 1.        , 0.8529267 ,\n",
       "          0.7587293 , 0.83006947],\n",
       "         [0.85361712, 0.81365542, 0.84496253, 0.8529267 , 1.        ,\n",
       "          0.77330392, 0.84258577],\n",
       "         [0.76725023, 0.77476798, 0.73815179, 0.7587293 , 0.77330392,\n",
       "          1.        , 0.75221892],\n",
       "         [0.83051039, 0.80002194, 0.82459199, 0.83006947, 0.84258577,\n",
       "          0.75221892, 1.        ]])},\n",
       " {0: array([[1.        , 0.84349255, 0.91047861, 0.86760676, 0.92826332,\n",
       "          0.91218772, 0.92610002],\n",
       "         [0.84349255, 1.        , 0.81197152, 0.80115988, 0.85679845,\n",
       "          0.84834463, 0.85935508],\n",
       "         [0.91047861, 0.81197152, 1.        , 0.84118824, 0.91005785,\n",
       "          0.88292026, 0.90576984],\n",
       "         [0.86760676, 0.80115988, 0.84118824, 1.        , 0.87817295,\n",
       "          0.83175898, 0.8697617 ],\n",
       "         [0.92826332, 0.85679845, 0.91005785, 0.87817295, 1.        ,\n",
       "          0.90792959, 0.94185468],\n",
       "         [0.91218772, 0.84834463, 0.88292026, 0.83175898, 0.90792959,\n",
       "          1.        , 0.91694402],\n",
       "         [0.92610002, 0.85935508, 0.90576984, 0.8697617 , 0.94185468,\n",
       "          0.91694402, 1.        ]])},\n",
       " {0: array([[1.        , 0.45128471, 0.53631684, 0.46459984, 0.5683197 ,\n",
       "          0.46931427, 0.49578667],\n",
       "         [0.45128471, 1.        , 0.48391976, 0.61452767, 0.62280265,\n",
       "          0.55948766, 0.56140949],\n",
       "         [0.53631684, 0.48391976, 1.        , 0.49996088, 0.65537522,\n",
       "          0.49583845, 0.5417502 ],\n",
       "         [0.46459984, 0.61452767, 0.49996088, 1.        , 0.65947968,\n",
       "          0.4673805 , 0.60471391],\n",
       "         [0.5683197 , 0.62280265, 0.65537522, 0.65947968, 1.        ,\n",
       "          0.58135721, 0.68141686],\n",
       "         [0.46931427, 0.55948766, 0.49583845, 0.4673805 , 0.58135721,\n",
       "          1.        , 0.53086649],\n",
       "         [0.49578667, 0.56140949, 0.5417502 , 0.60471391, 0.68141686,\n",
       "          0.53086649, 1.        ]])},\n",
       " {0: array([[1.        , 0.49789177, 0.65151258, 0.53095678, 0.6003984 ,\n",
       "          0.48582097, 0.55193667],\n",
       "         [0.49789177, 1.        , 0.47757537, 0.61210426, 0.62849274,\n",
       "          0.6067929 , 0.59797432],\n",
       "         [0.65151258, 0.47757537, 1.        , 0.51687816, 0.61407477,\n",
       "          0.44615612, 0.51631343],\n",
       "         [0.53095678, 0.61210426, 0.51687816, 1.        , 0.64641991,\n",
       "          0.50266415, 0.60838446],\n",
       "         [0.6003984 , 0.62849274, 0.61407477, 0.64641991, 1.        ,\n",
       "          0.54912744, 0.67570675],\n",
       "         [0.48582097, 0.6067929 , 0.44615612, 0.50266415, 0.54912744,\n",
       "          1.        , 0.52585198],\n",
       "         [0.55193667, 0.59797432, 0.51631343, 0.60838446, 0.67570675,\n",
       "          0.52585198, 1.        ]])})"
      ]
     },
     "execution_count": 4,
     "metadata": {},
     "output_type": "execute_result"
    },
    {
     "data": {
